1	50	15	50	10	12	0	12	192	2432	6	C1N15D50T12V1p	2725	129	17.607	11498	130	0.313	0.769231	9.65424e-312	2176	4.52	129	0	-inf	0	0	0	129	130	0.769231	0	2725	0	0	[0.021,]	[0, 0, 0, 0, 0]		0	2725	2176	0	0	0	3.016
1	50	10	50	10	12	0	12	132	1039	6	C2N10D20T12V3	1985	90	0.631	2760	90	0.059	0	1.12249e-311	0	2.74692e-312	90	0	-inf	0	0	1	90	90	0	0	1985	0	0	[]	[0, 0, 0, 0, 0]		0	1985	0	0	0	0	0
1	50	15	50	10	12	0	12	192	2189	6	C2N15D20T12V9	2752	151	1.716	3321	151	0.058	0	1.23161e-311	0	4.42324e-312	151	0	-inf	0	0	1	151	151	0	0	2752	0	0	[]	[0, 0, 0, 0, 0]		0	2752	0	0	0	0	0
1	50	20	50	10	12	0	12	252	3781	6	C2N20D50T12V3p	1948	199.5	4.487	2791	200	0.1	0.25	1.2015e-311	66	0.774	199.5	0	-inf	0	0	0	199.5	200	0.25	0	1948	0	0	[0.005,]	[0, 0, 0, 0, 0]		0	1948	66	0	0	0	0.004
1	50	10	50	10	12	0	12	132	944	6	R1N10D20T12V5	1896	101.8	0.236	2155	103	0.043	1.16505	1.156e-311	90	0.102	101.8	0	-inf	0	0	0	101.8	103	1.16505	0	1896	0	0	[0.003,]	[0, 0, 0, 0, 0]		0	1896	90	0	0	0	0.001
1	50	10	50	10	12	0	12	132	944	6	R1N10D50T12V1p	1546	96	0.224	1764	98	0.037	2.04082	1.06426e-311	149	0.086	96	0	-inf	0	0	0	96	98	2.04082	0	1546	0	0	[0.006,]	[0, 0, 0, 0, 0]		0	1546	149	0	0	0	0.001
1	50	20	50	10	12	0	12	252	3438	6	R1N20D20T12V11	4408	200.25	3.02	5316	201	0.134	0.373134	1.21174e-311	208	0.426	200.25	0	-inf	0	0	0	200.25	201	0.373134	0	4408	0	0	[0.007,]	[0, 0, 0, 0, 0]		0	4408	208	0	0	0	0.007
1	50	10	50	10	12	0	12	132	1070	6	RC1N10D20T12V1	1306	107	12.142	2009	110	0.034	2.72727	1.48915e-311	435	0.234	107	0	-inf	0	0	0	107	110	2.72727	0	1306	0	0	[0.006,]	[0, 0, 0, 0, 0]		0	1306	435	0	0	0	0.01
1	50	15	50	10	12	0	12	192	2233	6	RC1N15D20T12V5	1577	169	79.227	4928	172	0.122	1.74419	8.79654e-312	2044	0.759	169	0	-inf	0	0	0	169	172	1.74419	0	1577	0	0	[0.02,]	[0, 0, 0, 0, 0]		0	1577	2044	0	0	0	0.062
1	50	10	50	10	12	0	12	132	1039	6	C2N10D20T12V3	1985	90	0.575	2760	90	0.08	0	1.18211e-311	0	1.38132e-312	90	0	-inf	0	0	1	90	90	0	0	1985	0	0	[]	[0, 0, 0, 0, 0]		0	1985	0	0	0	0	0
1	50	10	50	10	12	0	12	132	1039	6	C2N10D20T12V3	1985	90	0.711	2760	90	0.073	0	1.22589e-311	0	2.32211e-322	90	0	-inf	0	0	1	90	90	0	0	1985	0	0	[]	[0, 0, 0, 0, 0]		0	1985	0	0	0	0	0
1	50	10	50	10	12	0	12	132	944	6	R1N10D20T12V5	1896	101.8	0.274	2155	103	0.047	1.16505	7.78069e-312	90	0.094	101.8	6.95303e-310	-inf	6.42285e-323	1	0	101.8	103	1.16505	0.428	1896	0.274	0.176	[0.003,]	[0, 0, 0, 0, 0]		6.95303e-310	1896	90	0	1	1	0.001
1	50	10	50	10	12	0	12	132	944	6	R1N10D50T12V1p	1546	96	0.254	1764	98	0.034	2.04082	1.12632e-311	149	0.089	96	6.95303e-310	-inf	6.42285e-323	1	0	96	98	2.04082	0.388	1546	0.254	0.176	[0.006,]	[0, 0, 0, 0, 0]		6.95303e-310	1546	149	0	1	1	0.001
1	50	10	50	10	12	0	12	132	821	6	SZ_GusuN10D50T12V1p	658	100000	0.081	693	3.04726e-312	0.017	-inf	1.2689e-311	38	0.053	100000	6.95328e-310	-inf	1.2689e-311	1	1	100000	100000	-inf	3.04726e-312	658	0.081	0.032	[]	[0, 0, 0, 0, 0]		6.95328e-310	658	38	0	1	1	0.001
1	50	10	50	10	12	0	12	132	821	6	SZ_GusuN10D50T12V2p	793	100000	0.071	831	1.22249e-312	0.008	-inf	7.85359e-312	38	0.059	100000	6.95328e-310	-inf	7.85359e-312	1	1	100000	100000	-inf	1.22249e-312	793	0.071	0.036	[]	[0, 0, 0, 0, 0]		6.95328e-310	793	38	0	1	1	0.001
1	50	10	50	10	12	0	12	132	821	6	SZ_GusuN10D50T12V3p	601	100000	0.058	633	2.29939e-312	0.005	-inf	1.13089e-311	38	0.055	100000	6.95328e-310	-inf	1.13089e-311	1	1	100000	100000	-inf	2.29939e-312	601	0.058	0.033	[]	[0, 0, 0, 0, 0]		6.95328e-310	601	38	0	1	1	0
1	50	10	50	10	12	0	12	132	821	6	SZ_GusuN10D50T12V4p	793	100000	0.066	831	4.9585e-312	0.007	-inf	1.28172e-311	38	0.058	100000	6.95328e-310	-inf	1.28172e-311	1	1	100000	100000	-inf	4.9585e-312	793	0.066	0.033	[]	[0, 0, 0, 0, 0]		6.95328e-310	793	38	0	1	1	0.001
1	50	10	50	10	12	0	12	132	821	6	SZ_GusuN10D50T12V5p	601	100000	0.057	633	2.80358e-312	0.006	-inf	1.02772e-311	38	0.066	100000	6.95328e-310	-inf	1.02772e-311	1	1	100000	100000	-inf	2.80358e-312	601	0.057	0.029	[]	[0, 0, 0, 0, 0]		6.95328e-310	601	38	0	1	1	0.001
1	50	10	50	10	12	0	12	132	863	6	SZ_GusuN10D50T12V1p	1433	100000	0.111	1488	4.14953e-312	0.011	-inf	1.42442e-311	60	0.066	100000	6.95328e-310	-inf	1.42442e-311	1	1	100000	100000	-inf	4.14953e-312	1433	0.111	0.057	[]	[0, 0, 0, 0, 0]		6.95328e-310	1433	60	0	1	1	0.001
1	50	10	50	10	12	0	12	132	863	6	SZ_GusuN10D50T12V2p	1407	100000	0.116	1459	5.2624e-313	0.012	-inf	9.06409e-312	60	0.07	100000	6.95328e-310	-inf	9.06409e-312	1	1	100000	100000	-inf	5.26239e-313	1407	0.116	0.059	[]	[0, 0, 0, 0, 0]		6.95328e-310	1407	60	0	1	1	0.001
1	50	10	50	10	12	0	12	132	863	6	SZ_GusuN10D50T12V3p	1374	100000	0.116	1423	1.69055e-312	0.012	-inf	1.20514e-311	60	0.065	100000	6.95328e-310	-inf	1.20514e-311	1	1	100000	100000	-inf	1.69055e-312	1374	0.116	0.059	[]	[0, 0, 0, 0, 0]		6.95328e-310	1374	60	0	1	1	0.001
1	50	10	50	10	12	0	12	132	863	6	SZ_GusuN10D50T12V4p	1404	100000	0.117	1454	8.97087e-313	0.01	-inf	1.04598e-311	60	0.07	100000	6.95328e-310	-inf	1.04598e-311	1	1	100000	100000	-inf	8.97087e-313	1404	0.117	0.057	[]	[0, 0, 0, 0, 0]		6.95328e-310	1404	60	0	1	1	0.001
1	50	10	50	10	12	0	12	132	863	6	SZ_GusuN10D50T12V5p	1366	100000	0.11	1419	1.34637e-312	0.011	-inf	7.32691e-312	60	0.063	100000	6.95328e-310	-inf	7.32691e-312	1	1	100000	100000	-inf	1.34637e-312	1366	0.11	0.054	[]	[0, 0, 0, 0, 0]		6.95328e-310	1366	60	0	1	1	0.001
1	50	10	50	1	12	0	12	132	1051	6	SZ_GusuN10D50T12V1p	1	100000	0.003	1	5.00007e-312	0.001	-inf	1.08332e-311	0	0.009	100000	6.95328e-310	-inf	1.08332e-311	1	1	100000	100000	-inf	5.00007e-312	1	0.003	0.001	[]	[0, 0, 0, 0, 0]		6.95328e-310	1	0	0	1	1	0
1	50	10	50	1	12	0	12	132	1051	6	SZ_GusuN10D50T12V2p	1	100000	0.002	1	2.90458e-312	0.001	-inf	1.13441e-311	0	0.009	100000	6.95328e-310	-inf	1.13441e-311	1	1	100000	100000	-inf	2.90458e-312	1	0.002	0	[]	[0, 0, 0, 0, 0]		6.95328e-310	1	0	0	1	1	0
1	50	10	50	1	12	0	12	132	1051	6	SZ_GusuN10D50T12V3p	1	100000	0.004	1	2.92695e-313	0	-inf	7.34742e-312	0	0.009	100000	6.95328e-310	-inf	7.34742e-312	1	1	100000	100000	-inf	2.92695e-313	1	0.004	0	[]	[0, 0, 0, 0, 0]		6.95328e-310	1	0	0	1	1	0
1	50	10	50	1	12	0	12	132	1051	6	SZ_GusuN10D50T12V4p	1	100000	0.003	1	5.28448e-312	0.001	-inf	1.27751e-311	0	0.01	100000	6.95328e-310	-inf	1.27751e-311	1	1	100000	100000	-inf	5.28448e-312	1	0.003	0	[]	[0, 0, 0, 0, 0]		6.95328e-310	1	0	0	1	1	0
1	50	10	50	1	12	0	12	132	1051	6	SZ_GusuN10D50T12V5p	1	100000	0.004	1	3.55616e-312	0	-inf	1.37591e-311	0	0.009	100000	6.95328e-310	-inf	1.37591e-311	1	1	100000	100000	-inf	3.55616e-312	1	0.004	0.001	[]	[0, 0, 0, 0, 0]		6.95328e-310	1	0	0	1	1	0
1	50	10	50	10	12	0	12	132	1051	6	SZ_GusuN10D50T12V1p	1266	95	0.513	1687	95	0.045	0	1.13106e-311	0	1.5316e-322	95	6.95328e-310	-inf	1.13106e-311	1	1	95	95	0	2.64684e-312	1266	0.513	0.414	[]	[0, 0, 0, 0, 0]		6.95328e-310	1266	0	0	1	1	0
1	50	10	50	10	12	0	12	132	1051	6	SZ_GusuN10D50T12V2p	1404	78	0.315	1529	78	0.02	0	1.05055e-311	0	1.5316e-322	78	6.95328e-310	-inf	1.05055e-311	1	1	78	78	0	3.03581e-312	1404	0.315	0.243	[]	[0, 0, 0, 0, 0]		6.95328e-310	1404	0	0	1	1	0
1	50	10	50	10	12	0	12	132	1051	6	SZ_GusuN10D50T12V3p	1205	98.5	0.383	1663	99	0.067	0.505051	1.09251e-311	145	0.148	98.5	6.95328e-310	-inf	1.09251e-311	1	0	98.5	99	0.505051	0.612	1205	0.383	0.309	[0.004,]	[0, 0, 0, 0, 0.606]		6.95328e-310	1205	145	0	1	1	0.003
1	50	10	50	10	12	0	12	132	1051	6	SZ_GusuN10D50T12V4p	1434	82	0.54	1717	82	0.032	0	8.32291e-312	0	1.5316e-322	82	6.95328e-310	-inf	8.32291e-312	1	1	82	82	0	5.45994e-313	1434	0.54	0.432	[]	[0, 0, 0, 0, 0]		6.95328e-310	1434	0	0	1	1	0
1	50	10	50	10	12	0	12	132	1051	6	SZ_GusuN10D50T12V5p	1368	90	0.534	1568	90	0.026	0	1.26572e-311	0	1.5316e-322	90	6.95328e-310	-inf	1.26572e-311	1	1	90	90	0	5.28522e-312	1368	0.534	0.444	[]	[0, 0, 0, 0, 0]		6.95328e-310	1368	0	0	1	1	0
