C1N25D100T18V0p	5.96723e-312	8592.32	0	3.72066e-103	1.5958e-313	100	5.96723e-312	0	1.5958e-313	1e+08	0	0	0	1.5958e-313
C1N25D100T18V1p	7.64912e-312	3491.5	0	3.72066e-103	1.87383e-312	100	7.64912e-312	0	1.87383e-312	1e+08	0	0	0	1.87383e-312
C1N25D100T18V2p	1.29433e-311	12198.9	0	3.72066e-103	2.69591e-312	100	1.29433e-311	0	2.69591e-312	1e+08	0	0	0	2.69591e-312
C1N25D100T18V3p	269	1030.58	3563	269	2.834	0	1.05361e-311	0	1.64226e-312	269	0	0	0	0
C1N25D100T24V2p	8.3439e-312	11589.3	0	3.72066e-103	1.95687e-312	100	8.34389e-312	0	1.95687e-312	1e+08	0	0	0	1.95687e-312
C1N30D100T18V1p	1.10971e-311	2193.53	0	3.72066e-103	3.30268e-312	100	1.10971e-311	0	3.30268e-312	1e+08	0	0	0	3.30268e-312
C1N30D100T18V1p	1.10971e-311	2193.53	0	3.72066e-103	3.30268e-312	100	1.10971e-311	0	3.30268e-312	1e+08	0	0	0	3.30268e-312
C1N30D100T18V4p	1.54846e-311	3848.68	0	3.72066e-103	5.30602e-312	100	1.54846e-311	0	5.30602e-312	1e+08	0	0	0	5.30602e-312
C1N30D100T24V1p	9.05127e-312	62761.9	0	3.72066e-103	2.6485e-312	100	9.05127e-312	0	2.6485e-312	1e+08	0	0	0	2.6485e-312
C1N30D100T24V2p	1.06816e-311	22197.5	0	3.72066e-103	4.85305e-312	100	1.06816e-311	0	4.85305e-312	1e+08	0	0	0	4.85305e-312
C1N30D100T24V4p	1.29982e-311	28289.8	0	3.72066e-103	5.0622e-312	100	1.29982e-311	0	5.0622e-312	1e+08	0	0	0	5.0622e-312
C1N35D100T18V0p	8.90356e-312	5848.92	0	3.72066e-103	9.93534e-313	100	8.90357e-312	0	9.93534e-313	1e+08	0	0	0	9.93534e-313
C1N35D100T18V4p	7.62421e-312	24144.6	0	3.72066e-103	1.94564e-312	100	7.6242e-312	0	1.94564e-312	1e+08	0	0	0	1.94564e-312
C2N25D100T18V1p	9.88364e-312	2017.9	0	3.72066e-103	4.13174e-312	100	9.88364e-312	0	4.13174e-312	1e+08	0	0	0	4.13174e-312
C2N25D100T18V2p	1.06465e-311	1930.91	0	3.72066e-103	1.19808e-312	100	1.06465e-311	0	1.19808e-312	1e+08	0	0	0	1.19808e-312
C2N25D100T18V3p	9.12127e-312	1997.8	0	3.72066e-103	8.11606e-313	100	9.12127e-312	0	8.11606e-313	1e+08	0	0	0	8.11606e-313
C2N25D100T18V4p	1.24359e-311	1851.9	0	3.72066e-103	5.21199e-312	100	1.24359e-311	0	5.21199e-312	1e+08	0	0	0	5.21199e-312
C2N25D100T24V0p	1.18744e-311	1805.52	0	3.72066e-103	2.23651e-312	100	1.18744e-311	0	2.23651e-312	1e+08	0	0	0	2.23651e-312
C2N25D100T24V1p	8.52479e-312	2400.62	0	3.72066e-103	1.94462e-312	100	8.52479e-312	0	1.94462e-312	1e+08	0	0	0	1.94462e-312
C2N25D100T24V2p	1.2068e-311	1820.7	0	3.72066e-103	2.79449e-312	100	1.2068e-311	0	2.79449e-312	1e+08	0	0	0	2.79449e-312
C2N25D100T24V3p	8.94312e-312	2665.89	0	3.72066e-103	2.30743e-312	100	8.94312e-312	0	2.30743e-312	1e+08	0	0	0	2.30743e-312
C2N25D100T24V4p	1.24236e-311	7528.2	0	3.72066e-103	5.18913e-312	100	1.24236e-311	0	5.18913e-312	1e+08	0	0	0	5.18913e-312
C2N30D100T18V0p	5.84507e-312	1802.48	0	3.72066e-103	3.72121e-313	100	5.84508e-312	0	3.72121e-313	1e+08	0	0	0	3.72121e-313
C2N30D100T18V1p	380	1364.89	5242	380	1.746	0	8.35257e-312	0	2.75235e-312	380	0	0	0	0
C2N30D100T18V2p	364.053	1739.66	2963	365	2.154	0.259553	1.36956e-311	1215	8.211	364.053	0	0	0	0.259553
C2N30D100T18V3p	5.76331e-312	1848.32	0	3.72066e-103	8.91872e-314	100	5.76331e-312	0	8.91872e-314	1e+08	0	0	0	8.91872e-314
C2N30D100T24V0p	1.27323e-311	1971.19	0	3.72066e-103	4.49925e-312	100	1.27323e-311	0	4.49925e-312	1e+08	0	0	0	4.49925e-312
C2N30D100T24V1p	8.95669e-312	1847.56	0	3.72066e-103	2.03179e-312	100	8.9567e-312	0	2.03179e-312	1e+08	0	0	0	2.03179e-312
C2N30D100T24V2p	9.09636e-312	1936.9	0	3.72066e-103	2.02629e-312	100	9.09636e-312	0	2.02629e-312	1e+08	0	0	0	2.02629e-312
C2N30D100T24V3p	8.15868e-312	1819.76	0	3.72066e-103	6.55078e-313	100	8.15869e-312	0	6.55078e-313	1e+08	0	0	0	6.55078e-313
C2N30D100T24V4p	1.05456e-311	3323.33	0	3.72066e-103	3.59264e-312	100	1.05456e-311	0	3.59264e-312	1e+08	0	0	0	3.59264e-312
C2N35D100T18V0p	442	1279.52	4046	445	0.677	0.674157	1.07165e-311	18570	95.279	442	0	0	0	0.674157
C2N35D100T18V1p	1.14881e-311	2560.78	0	3.72066e-103	1.81466e-312	100	1.14881e-311	0	1.81466e-312	1e+08	0	0	0	1.81466e-312
C2N35D100T18V2p	8.06973e-312	2090.81	0	3.72066e-103	1.72811e-312	100	8.06973e-312	0	1.72811e-312	1e+08	0	0	0	1.72811e-312
C2N35D100T18V3p	444.25	1713.74	3484	446	1.285	0.392377	1.04851e-311	3346	13.522	444.25	0	0	0	0.392377
C2N35D100T18V4p	6.62971e-312	2463.91	0	3.72066e-103	3.6892e-313	100	6.62972e-312	0	3.6892e-313	1e+08	0	0	0	3.6892e-313
C2N35D100T24V0p	1.15208e-311	6466.7	0	3.72066e-103	3.9631e-312	100	1.15208e-311	0	3.9631e-312	1e+08	0	0	0	3.9631e-312
C2N35D100T24V1p	7.71541e-312	3206.2	0	3.72066e-103	2.12251e-314	100	7.71541e-312	0	2.12251e-314	1e+08	0	0	0	2.12251e-314
C2N35D100T24V2p	8.83295e-312	2262.83	0	3.72066e-103	3.12807e-312	100	8.83295e-312	0	3.12807e-312	1e+08	0	0	0	3.12807e-312
C2N35D100T24V4p	1.04576e-311	2012.58	0	3.72066e-103	1.35415e-312	100	1.04576e-311	0	1.35415e-312	1e+08	0	0	0	1.35415e-312
R1N20D50T12V4p	169.5	2.372	3620	170	0.097	0.294118	1.20035e-311	113	0.369	169.5	0	0	0	0.294118
R1N25D100T18V0p	317	6.027	3744	317	0.206	0	9.92194e-312	0	3.20268e-312	317	0	0	0	0
R1N25D100T18V1p	343.917	7.954	4635	345	0.216	0.31401	1.35283e-311	240	2.155	343.917	0	0	0	0.31401
R1N25D100T18V2p	337.5	5.89	3705	339	0.195	0.442478	1.44465e-311	416	2.07	337.5	0	0	0	0.442478
R1N25D100T18V3p	307.5	4.069	2895	308	0.13	0.162338	1.26268e-311	62	1.888	307.5	0	0	0	0.162338
R1N25D100T18V4p	290	3.973	2473	290	0.094	0	1.28274e-311	0	2.13477e-312	290	0	0	0	0
R1N25D100T24V0p	441	5.529	2403	441	0.223	0	7.7068e-312	0	1.31746e-312	441	0	0	0	0
R1N25D100T24V1p	409.5	7.736	2823	410	0.21	0.121951	1.0343e-311	131	4.635	409.5	0	0	0	0.121951
R1N25D100T24V2p	444.6	9.146	3806	446	0.353	0.313901	1.20668e-311	635	4.448	444.6	0	0	0	0.313901
R1N25D100T24V3p	420.75	5.397	3093	421	0.173	0.0593824	1.09553e-311	101	4.44	420.75	0	0	0	0.0593824
R1N25D100T24V4p	450.167	6.951	2947	452	0.379	0.405605	6.87341e-312	529	4.439	450.167	0	0	0	0.405605
R1N30D100T18V0p	385.81	19.812	6247	388	0.369	0.564344	1.07206e-311	1453	3.578	385.81	0	0	0	0.564344
R1N30D100T18V1p	409.981	16.979	5881	411	0.386	0.247943	9.55265e-312	554	3.725	409.981	0	0	0	0.247943
R1N30D100T18V2p	370.056	10.331	3847	372	0.269	0.5227	1.04307e-311	628	3.633	370.056	0	0	0	0.5227
R1N30D100T18V3p	335	17.677	4522	337	0.225	0.593472	1.01833e-311	1424	3.595	335	0	0	0	0.593472
R1N30D100T18V4p	382	13.607	4326	383	0.295	0.261097	1.30916e-311	771	3.551	382	0	0	0	0.261097
R1N30D100T24V0p	410	40.135	3641	410	0.407	0	1.23243e-311	0	4.36643e-312	410	0	0	0	0
R1N30D100T24V1p	461.5	26.567	3643	462	0.485	0.108225	1.42853e-311	264	8.063	461.5	0	0	0	0.108225
R1N30D100T24V2p	447.667	25.529	3283	448	0.41	0.0744048	1.45251e-311	162	7.902	447.667	0	0	0	0.0744048
R1N30D100T24V3p	500.449	27.739	6162	503	0.615	0.507102	8.60414e-312	2121	8.31	500.449	0	0	0	0.507102
R1N30D100T24V4p	475.444	24.236	4023	476	0.607	0.116713	7.19146e-312	328	8.066	475.444	0	0	0	0.116713
R1N35D100T18V0p	406	24.235	3935	407	0.257	0.2457	1.09171e-311	800	5.244	406	0	0	0	0.2457
R1N35D100T18V1p	425.603	51.29	6045	427	0.524	0.327268	1.32356e-311	779	7.911	425.603	0	0	0	0.327268
R1N35D100T18V2p	428.667	40.558	5637	430	0.33	0.310078	9.06237e-312	558	5.891	428.667	0	0	0	0.310078
R1N35D100T18V3p	423.167	36.454	4399	425	0.297	0.431373	1.35615e-311	979	5.835	423.167	0	0	0	0.431373
R1N35D100T18V4p	435.727	43.75	4219	436	0.416	0.0625521	8.04249e-312	143	6.881	435.727	0	0	0	0.0625521
R1N35D100T24V0p	574.6	46.091	4080	575	0.618	0.0695652	8.87586e-312	265	12.689	574.6	0	0	0	0.0695652
R1N35D100T24V1p	584.5	46.887	6065	585	0.734	0.0854701	1.24904e-311	451	12.444	584.5	0	0	0	0.0854701
R1N35D100T24V2p	551.062	122.119	4608	553	0.998	0.350362	1.54347e-311	1539	20.378	551.062	0	0	0	0.350362
R1N35D100T24V3p	598	91.082	4166	598	0.665	0	7.23821e-312	0	4.32358e-314	598	0	0	0	0
R1N35D100T24V4p	560.5	73.074	5410	561	0.514	0.0891266	1.14063e-311	253	12.157	560.5	0	0	0	0.0891266
RC1N25D100T18V0p	1.08028e-311	2076.72	0	3.72066e-103	4.02257e-312	100	2.37152e-322	0	4.02257e-312	1e+08	0	0	0	4.02257e-312
RC1N25D100T18V1p	1.10152e-311	2156.5	0	3.72066e-103	3.65103e-312	100	2.37152e-322	0	3.65103e-312	1e+08	0	0	0	3.65103e-312
RC1N25D100T18V2p	8.20891e-312	3099.33	0	3.72066e-103	1.30498e-312	100	2.37152e-322	0	1.30498e-312	1e+08	0	0	0	1.30498e-312
RC1N25D100T18V3p	405.5	234.83	2137	407	0.248	0.36855	2.37152e-322	1035	3.528	405.5	0	0	0	0.36855
RC1N25D100T18V4p	8.98903e-312	6492.71	0	3.72066e-103	1.10161e-312	100	2.37152e-322	0	1.10161e-312	1e+08	0	0	0	1.10161e-312
RC1N25D100T24V0p	1.44787e-311	1932.57	0	3.72066e-103	4.35296e-312	100	2.37152e-322	0	4.35296e-312	1e+08	0	0	0	4.35296e-312
RC1N25D100T24V1p	1.17662e-311	3019.73	0	3.72066e-103	1.69732e-312	100	2.37152e-322	0	1.69732e-312	1e+08	0	0	0	1.69732e-312
RC1N25D100T24V2p	1.29386e-311	6079.92	0	3.72066e-103	3.7615e-312	100	2.37152e-322	0	3.7615e-312	1e+08	0	0	0	3.7615e-312
RC1N25D100T24V3p	1.46361e-311	4375.6	0	3.72066e-103	4.47486e-312	100	2.37152e-322	0	4.47486e-312	1e+08	0	0	0	4.47486e-312
RC1N30D100T18V0p	9.71966e-312	2678.73	0	3.72066e-103	5.18767e-313	100	2.37152e-322	0	5.18767e-313	1e+08	0	0	0	5.18767e-313
RC1N30D100T18V1p	100000	1157.19	2837	3.72066e-103	0.17	-2.68769e+109	2.37152e-322	18862	5.668	100000	0	0	0	-2.68769e+109
RC1N30D100T18V2p	100000	15.866	1305	3.72066e-103	0.036	-2.68769e+109	2.37152e-322	17975	4.912	100000	0	0	0	-2.68769e+109
RC1N30D100T18V3p	100000	29.955	1464	3.72066e-103	0.047	-2.68769e+109	2.37152e-322	22053	5.223	100000	0	0	0	-2.68769e+109
RC1N30D100T18V4p	100000	4.965	1295	3.72066e-103	0.035	-2.68769e+109	2.37152e-322	24649	5.386	100000	0	0	0	-2.68769e+109
RC1N30D100T24V0p	1.12882e-311	3636.99	0	3.72066e-103	5.12177e-312	100	2.37152e-322	0	5.12177e-312	1e+08	0	0	0	5.12177e-312
RC1N30D100T24V1p	1.07096e-311	1986.12	0	3.72066e-103	3.07063e-312	100	2.37152e-322	0	3.07063e-312	1e+08	0	0	0	3.07063e-312
RC1N30D100T24V2p	9.14029e-312	7417.49	0	3.72066e-103	7.8217e-313	100	2.37152e-322	0	7.8217e-313	1e+08	0	0	0	7.8217e-313
RC1N30D100T24V3p	1.10082e-311	3091.37	0	3.72066e-103	5.44483e-313	100	2.37152e-322	0	5.44483e-313	1e+08	0	0	0	5.44483e-313
RC1N30D100T24V4p	9.91238e-312	2347.09	0	3.72066e-103	2.3689e-312	100	2.37152e-322	0	2.3689e-312	1e+08	0	0	0	2.3689e-312
RC1N35D100T18V0p	1.48984e-311	1832.36	0	3.72066e-103	4.09328e-312	100	2.37152e-322	0	4.09328e-312	1e+08	0	0	0	4.09328e-312
RC1N35D100T18V1p	100000	685.251	1835	3.72066e-103	0.085	-2.68769e+109	2.37152e-322	10299	5.865	100000	0	0	0	-2.68769e+109
RC1N35D100T18V2p	100000	1415.16	2488	3.72066e-103	0.142	-2.68769e+109	2.37152e-322	21870	7.152	100000	0	0	0	-2.68769e+109
RC1N35D100T18V3p	100000	761.212	1982	3.72066e-103	0.105	-2.68769e+109	2.37152e-322	17379	6.69	100000	0	0	0	-2.68769e+109
RC1N35D100T18V4p	1.33223e-311	1834.59	0	3.72066e-103	2.73329e-312	100	2.37152e-322	0	2.73329e-312	1e+08	0	0	0	2.73329e-312
RC1N35D100T24V0p	1.08163e-311	2497.28	0	3.72066e-103	3.89314e-312	100	2.37152e-322	0	3.89314e-312	1e+08	0	0	0	3.89314e-312
RC1N35D100T24V1p	1.01945e-311	3080.85	0	3.72066e-103	1.86652e-312	100	2.37152e-322	0	1.86652e-312	1e+08	0	0	0	1.86652e-312
RC1N25D100T18V5p	374.333	247.414	2773	379	0.253	1.23131	2.37152e-322	2274	3.972	374.333	0	0	0	1.23131
RC1N25D100T24V5p	1.13826e-311	1967.26	0	3.72066e-103	3.67102e-312	100	2.37152e-322	0	3.67102e-312	1e+08	0	0	0	3.67102e-312
RC1N25D100T24V6p	1.20996e-311	2249.62	0	3.72066e-103	2.99477e-312	100	2.37152e-322	0	2.99477e-312	1e+08	0	0	0	2.99477e-312
RC1N25D100T24V7p	8.77189e-312	2268.52	0	3.72066e-103	1.35401e-312	100	2.37152e-322	0	1.35401e-312	1e+08	0	0	0	1.35401e-312
RC1N25D100T24V9p	1.29706e-311	2240.34	0	3.72066e-103	5.28811e-312	100	2.37152e-322	0	5.28811e-312	1e+08	0	0	0	1.29706e-311
RC1N30D100T18V5p	100000	4.533	1201	3.72066e-103	0.032	-2.68769e+109	2.37152e-322	12078	4.058	100000	0	0	0	-2.68769e+109
RC1N30D100T18V6p	100000	32.746	1293	3.72066e-103	0.055	-2.68769e+109	2.37152e-322	18383	4.578	100000	0	0	0	-2.68769e+109
RC1N30D100T18V7p	100000	6.607	1201	3.72066e-103	0.033	-2.68769e+109	2.37152e-322	16810	4.474	100000	0	0	0	-2.68769e+109
RC1N30D100T18V8p	100000	165.911	2571	3.72066e-103	0.075	-2.68769e+109	2.37152e-322	13523	4.611	100000	0	0	0	-2.68769e+109
RC1N30D100T18V9p	1.53266e-311	1916.85	0	3.72066e-103	5.416e-312	100	2.37152e-322	0	5.416e-312	1e+08	0	0	0	5.416e-312
RC1N30D100T24V5p	1.04197e-311	6005.7	0	3.72066e-103	3.63401e-312	100	2.37152e-322	0	3.63401e-312	1e+08	0	0	0	3.63401e-312
RC1N30D100T24V6p	9.21802e-312	5124.49	0	3.72066e-103	1.27338e-312	100	2.37152e-322	0	1.27338e-312	1e+08	0	0	0	1.27338e-312
RC1N30D100T24V7p	9.31047e-312	3585.54	0	3.72066e-103	3.96916e-313	100	2.37152e-322	0	3.96916e-313	1e+08	0	0	0	3.96916e-313
RC1N30D100T24V8p	9.83998e-312	2271.93	0	3.72066e-103	2.59182e-312	100	2.37152e-322	0	2.59182e-312	1e+08	0	0	0	2.59182e-312
RC1N30D100T24V9p	8.53449e-312	5443.14	0	3.72066e-103	1.34476e-312	100	2.37152e-322	0	1.34476e-312	1e+08	0	0	0	1.34476e-312
RC1N35D100T18V5p	1.47537e-311	2371.18	0	3.72066e-103	4.91345e-312	100	2.37152e-322	0	4.91345e-312	1e+08	0	0	0	4.91345e-312
RC1N35D100T18V6p	1.16106e-311	2040.01	0	3.72066e-103	1.7923e-312	100	2.37152e-322	0	1.7923e-312	1e+08	0	0	0	1.7923e-312
RC1N35D100T18V7p	100000	1539.12	2079	3.72066e-103	0.152	-2.68769e+109	2.37152e-322	17913	6.211	100000	0	0	0	-2.68769e+109
RC1N35D100T18V8p	1.00257e-311	2473.27	0	3.72066e-103	4.53145e-312	100	2.37152e-322	0	4.53145e-312	1e+08	0	0	0	4.53145e-312
RC1N35D100T18V9p	100000	106.833	2992	3.72066e-103	0.154	-2.68769e+109	2.37152e-322	19230	6.073	100000	0	0	0	-2.68769e+109
RC1N35D100T24V2p	1.34016e-311	2765.89	0	3.72066e-103	4.17042e-312	100	2.37152e-322	0	4.17042e-312	1e+08	0	0	0	4.17042e-312
RC1N35D100T24V3p	8.71304e-312	2487.55	0	3.72066e-103	6.77775e-313	100	2.37152e-322	0	6.77775e-313	1e+08	0	0	0	6.77775e-313
RC1N35D100T24V4p	1.32294e-311	4718.68	0	3.72066e-103	4.27981e-312	100	2.37152e-322	0	4.27981e-312	1e+08	0	0	0	4.27981e-312
RC1N35D100T24V5p	1.06272e-311	1916.65	0	3.72066e-103	4.35295e-312	100	2.37152e-322	0	4.35295e-312	1e+08	0	0	0	4.35295e-312
RC1N35D100T24V6p	1.38953e-311	1931.38	0	3.72066e-103	4.40664e-312	100	2.37152e-322	0	4.40664e-312	1e+08	0	0	0	4.40664e-312
RC1N35D100T24V7p	1.09409e-311	6085.19	0	3.72066e-103	2.71295e-312	100	2.37152e-322	0	2.71295e-312	1e+08	0	0	0	2.71295e-312
RC1N35D100T24V8p	8.69953e-312	2274.48	0	3.72066e-103	9.11147e-313	100	2.37152e-322	0	9.11147e-313	1e+08	0	0	0	9.11147e-313
RC1N35D100T24V9p	1.16211e-311	3347.9	0	3.72066e-103	7.65462e-313	100	2.37152e-322	0	7.65462e-313	1e+08	0	0	0	7.65462e-313
C2N25D100T18V5p	326	906.539	3271	326	0.336	0	1.18528e-311	0	5.14339e-312	326	0	0	0	0
C2N25D100T18V6p	353	653.955	5587	353	0.325	0	1.17667e-311	0	3.63293e-312	353	0	0	0	0
C2N25D100T18V7p	303	714.476	3681	303	0.282	0	1.10698e-311	0	2.44301e-312	303	0	0	0	0
C2N25D100T18V8p	331.5	569.64	3284	333	0.363	0.45045	1.00367e-311	1127	5.105	331.5	0	0	0	0.45045
C2N25D100T18V9p	334.5	138.577	3328	335	0.311	0.149254	1.03179e-311	405	5.114	334.5	0	0	0	0.149254
C2N25D100T24V5p	1.21087e-311	1845.09	0	3.72066e-103	3.85993e-312	100	1.21087e-311	0	3.85993e-312	1e+08	0	0	0	3.85993e-312
C2N25D100T24V6p	1.23964e-311	3494.14	0	3.72066e-103	3.07666e-312	100	1.23964e-311	0	3.07666e-312	1e+08	0	0	0	3.07666e-312
C2N25D100T24V7p	1.27605e-311	2122.14	0	3.72066e-103	1.92512e-312	100	1.27605e-311	0	1.92512e-312	1e+08	0	0	0	1.92512e-312
C2N25D100T24V8p	9.66945e-312	2023.24	0	3.72066e-103	3.56513e-312	100	9.66946e-312	0	3.56513e-312	1e+08	0	0	0	3.56513e-312
C2N25D100T24V9p	1.30787e-311	2228.04	0	3.72066e-103	3.86338e-312	100	1.30787e-311	0	3.86338e-312	1e+08	0	0	0	3.86338e-312
C2N30D100T18V5p	1.20664e-311	1801.38	0	3.72066e-103	2.93272e-312	100	1.20664e-311	0	2.93272e-312	1e+08	0	0	0	2.93272e-312
C2N30D100T18V6p	349.333	1221.08	4176	351	1.559	0.474834	8.42554e-312	1651	10.251	349.333	0	0	0	0.474834
C2N30D100T18V7p	381.636	223.121	3020	383	0.865	0.356041	1.47759e-311	2126	8.23	381.636	0	0	0	0.356041
C2N30D100T18V8p	375	681.17	3659	376	1.139	0.265957	1.11844e-311	1116	8.548	375	0	0	0	0.265957
C2N30D100T18V9p	9.32824e-312	1869.42	0	3.72066e-103	8.52724e-313	100	9.32824e-312	0	8.52724e-313	1e+08	0	0	0	8.52724e-313
C2N30D100T24V5p	8.0078e-312	8011.64	0	3.72066e-103	1.74469e-313	100	8.00781e-312	0	1.74469e-313	1e+08	0	0	0	1.74469e-313
C2N30D100T24V6p	482.118	706.417	4277	485	2.917	0.594221	9.52875e-312	7522	31.629	482.118	0	0	0	0.594221
C2N30D100T24V7p	1.20334e-311	2231.47	0	3.72066e-103	2.43667e-312	100	1.20334e-311	0	2.43667e-312	1e+08	0	0	0	2.43667e-312
C2N30D100T24V8p	1.10744e-311	2455.4	0	3.72066e-103	2.30846e-312	100	1.10744e-311	0	2.30846e-312	1e+08	0	0	0	2.30846e-312
C2N30D100T24V9p	1.13667e-311	1861.84	0	3.72066e-103	3.70744e-312	100	1.13667e-311	0	3.70744e-312	1e+08	0	0	0	3.70744e-312
C2N35D100T18V5p	1.41486e-311	7219.74	0	3.72066e-103	4.58738e-312	100	1.41486e-311	0	4.58738e-312	1e+08	0	0	0	4.58738e-312
C2N35D100T18V6p	7.21169e-312	2049.48	0	3.72066e-103	4.57617e-313	100	7.21169e-312	0	4.57617e-313	1e+08	0	0	0	4.57617e-313
C2N35D100T24V6p	1.21939e-311	2174.67	0	3.72066e-103	1.82327e-312	100	1.21939e-311	0	1.82327e-312	1e+08	0	0	0	1.82327e-312
C2N35D100T24V7p	1.03207e-311	2311.75	0	3.72066e-103	3.14471e-313	100	1.03207e-311	0	3.14471e-313	1e+08	0	0	0	3.14471e-313
C2N35D100T24V8p	8.39653e-312	1813.56	0	3.72066e-103	1.67291e-312	100	8.39654e-312	0	1.67291e-312	1e+08	0	0	0	1.67291e-312
C2N35D100T24V9p	8.69249e-312	3485.01	0	3.72066e-103	1.17455e-313	100	8.69248e-312	0	1.17455e-313	1e+08	0	0	0	1.17455e-313
RC1N25D100T18V10p	366	1016.71	2041	366	0.189	0	2.37152e-322	0	1.09799e-312	366	0	0	0	0
RC1N25D100T18V11p	384.5	233.988	2016	385	0.14	0.12987	2.37152e-322	429	3.333	384.5	0	0	0	0.12987
RC1N25D100T18V12p	1.07639e-311	3124.24	0	3.72066e-103	4.21579e-313	100	2.37152e-322	0	4.21579e-313	1e+08	0	0	0	4.21579e-313
RC1N25D100T18V13p	359	909.623	2062	365	0.171	1.64384	2.37152e-322	2805	3.746	359	0	0	0	1.64384
RC1N25D100T18V14p	376.667	712.041	3027	379	0.189	0.615655	2.37152e-322	745	3.348	376.667	0	0	0	0.615655
RC1N25D100T24V10p	6.30708e-312	12460.4	0	3.72066e-103	7.53243e-313	100	2.37152e-322	0	7.53243e-313	1e+08	0	0	0	7.53243e-313
RC1N25D100T24V11p	1.28469e-311	5355.47	0	3.72066e-103	3.43605e-312	100	2.37152e-322	0	3.43605e-312	1e+08	0	0	0	3.43605e-312
RC1N25D100T24V12p	1.48008e-311	2527.07	0	3.72066e-103	4.38543e-312	100	2.37152e-322	0	4.38543e-312	1e+08	0	0	0	4.38543e-312
RC1N25D100T24V13p	1.51031e-311	2724.5	0	3.72066e-103	5.22902e-312	100	2.37152e-322	0	5.22902e-312	1e+08	0	0	0	1.51031e-311
RC1N25D100T24V14p	7.79857e-312	1929.32	0	3.72066e-103	4.77682e-313	100	2.37152e-322	0	4.77682e-313	1e+08	0	0	0	4.77682e-313
RC1N30D100T18V10p	100000	1640.09	1992	3.72066e-103	0.132	-2.68769e+109	2.37152e-322	17296	4.88	100000	0	0	0	-2.68769e+109
RC1N30D100T18V11p	100000	49.503	1272	3.72066e-103	0.036	-2.68769e+109	2.37152e-322	19429	5.112	100000	0	0	0	-2.68769e+109
RC1N30D100T18V12p	1.27095e-311	2462.48	0	3.72066e-103	3.68164e-312	100	2.37152e-322	0	3.68164e-312	1e+08	0	0	0	3.68164e-312
RC1N30D100T18V13p	100000	1463.49	1770	3.72066e-103	0.105	-2.68769e+109	2.37152e-322	19742	5.291	100000	0	0	0	-2.68769e+109
RC1N30D100T18V14p	100000	15.206	1296	3.72066e-103	0.036	-2.68769e+109	2.37152e-322	25727	5.402	100000	0	0	0	-2.68769e+109
RC1N30D100T24V11p	100000	247.892	3038	3.72066e-103	0.21	-2.68769e+109	2.37152e-322	75632	30.63	100000	0	0	0	-2.68769e+109
RC1N30D100T24V12p	1.44167e-311	7415.01	0	3.72066e-103	4.91885e-312	100	2.37152e-322	0	4.91885e-312	1e+08	0	0	0	4.91885e-312
RC1N30D100T24V13p	1.4031e-311	3393.82	0	3.72066e-103	4.43528e-312	100	2.37152e-322	0	4.43528e-312	1e+08	0	0	0	4.43528e-312
RC1N30D100T24V14p	7.06521e-312	5371.5	0	3.72066e-103	7.02285e-313	100	2.37152e-322	0	7.02285e-313	1e+08	0	0	0	7.02285e-313
RC1N35D100T18V10p	9.03811e-312	1868.45	0	3.72066e-103	1.73804e-312	100	2.37152e-322	0	1.73804e-312	1e+08	0	0	0	1.73804e-312
RC1N35D100T18V11p	1.08572e-311	1840.03	0	3.72066e-103	9.9869e-313	100	2.37152e-322	0	9.9869e-313	1e+08	0	0	0	9.9869e-313
RC1N35D100T18V12p	1.3349e-311	7154.2	0	3.72066e-103	3.26194e-312	100	2.37152e-322	0	3.26194e-312	1e+08	0	0	0	3.26194e-312
RC1N35D100T18V13p	1.15842e-311	1896.16	0	3.72066e-103	2.17596e-312	100	2.37152e-322	0	2.17596e-312	1e+08	0	0	0	2.17596e-312
RC1N35D100T18V14p	1.19213e-311	2968.28	0	3.72066e-103	3.8394e-312	100	2.37152e-322	0	3.8394e-312	1e+08	0	0	0	3.8394e-312
RC1N35D100T24V10p	1.12534e-311	3611.99	0	3.72066e-103	5.24512e-312	100	2.37152e-322	0	5.24512e-312	1e+08	0	0	0	5.24512e-312
RC1N35D100T24V11p	9.19207e-312	1889.97	0	3.72066e-103	3.43674e-312	100	2.37152e-322	0	3.43674e-312	1e+08	0	0	0	3.43674e-312
RC1N35D100T24V13p	7.92999e-312	1957.29	0	3.72066e-103	2.39167e-313	100	2.37152e-322	0	2.39167e-313	1e+08	0	0	0	2.39167e-313
RC1N35D100T24V14p	1.26503e-311	6769.97	0	3.72066e-103	4.60743e-312	100	2.37152e-322	0	4.60743e-312	1e+08	0	0	0	4.60743e-312
R1N25D100T18V10p	356.667	5.957	4449	358	0.274	0.372439	2.37152e-322	523	2.101	356.667	0	0	0	0.372439
R1N25D100T18V11p	328.5	3.91	2847	330	0.154	0.454545	2.37152e-322	351	2.053	328.5	0	0	0	0.454545
R1N25D100T18V12p	326	6.273	3555	326	0.163	0	2.37152e-322	0	5.41865e-312	326	0	0	0	0
R1N25D100T18V13p	339.5	5.748	3614	341	0.155	0.439883	2.37152e-322	383	2.117	339.5	0	0	0	0.439883
R1N25D100T18V14p	330	6.017	3999	330	0.139	0	2.37152e-322	0	4.83158e-312	330	0	0	0	0
R1N25D100T24V10p	460	10.138	4533	460	0.325	0	2.37152e-322	0	4.62834e-312	460	0	0	0	0
R1N25D100T24V11p	455.801	9.974	3424	458	0.412	0.480028	2.37152e-322	919	4.614	455.801	0	0	0	0.480028
R1N25D100T24V12p	428.833	10.777	4009	432	0.33	0.733025	2.37152e-322	1462	4.652	428.833	0	0	0	0.733025
R1N25D100T24V13p	426	7.637	2915	426	0.21	0	2.37152e-322	0	3.31038e-312	426	0	0	0	0
R1N25D100T24V14p	416.833	8.183	4385	418	0.255	0.279107	2.37152e-322	267	4.36	416.833	0	0	0	0.279107
R1N30D100T18V10p	361.25	13.947	4109	362	0.277	0.207182	2.37152e-322	338	3.821	361.25	0	0	0	0.207182
R1N30D100T18V11p	371	17.976	5584	371	0.278	0	2.37152e-322	0	5.03399e-312	371	0	0	0	0
R1N30D100T18V12p	393.833	16.521	5426	395	0.433	0.295359	2.37152e-322	699	3.794	393.833	0	0	0	0.295359
R1N30D100T18V13p	360.5	11.148	3747	363	0.2	0.688705	2.37152e-322	1375	3.98	360.5	0	0	0	0.688705
R1N30D100T18V14p	385.234	11.211	4436	389	0.396	0.968027	2.37152e-322	4439	4.077	385.234	0	0	0	0.968027
R1N30D100T24V10p	467.571	35.997	5860	468	0.524	0.0915751	2.37152e-322	241	8.697	467.571	0	0	0	0.0915751
R1N30D100T24V11p	490.75	28.623	4004	492	0.488	0.254065	2.37152e-322	1097	8.762	490.75	0	0	0	0.254065
R1N30D100T24V12p	487.735	28.801	5439	491	0.805	0.66491	2.37152e-322	4004	9.369	487.735	0	0	0	0.66491
R1N30D100T24V13p	489.276	26.573	5466	493	1.448	0.755401	2.37152e-322	5004	9.765	489.276	0	0	0	0.755401
R1N30D100T24V14p	492.4	31.72	5148	493	0.464	0.121704	2.37152e-322	259	8.367	492.4	0	0	0	0.121704
R1N35D100T18V10p	467.905	34.526	4472	469	0.472	0.233475	2.37152e-322	798	5.647	467.905	0	0	0	0.233475
R1N35D100T18V11p	446.429	30.498	4025	448	0.446	0.350765	2.37152e-322	1157	5.668	446.429	0	0	0	0.350765
R1N35D100T18V12p	436	32.003	4164	438	0.36	0.456621	2.37152e-322	1247	6.002	436	0	0	0	0.456621
R1N35D100T18V13p	429.571	20.01	5598	431	0.389	0.331455	2.37152e-322	739	5.688	429.571	0	0	0	0.331455
R1N35D100T18V14p	466.476	28.729	7167	470	0.592	0.749747	2.37152e-322	5672	6.412	466.476	0	0	0	0.749747
R1N35D100T24V10p	607.028	85.736	7150	611	2.319	0.650086	2.37152e-322	8192	15.18	607.028	0	0	0	0.650086
R1N35D100T24V11p	585.679	51.681	6094	589	0.717	0.563754	2.37152e-322	3185	13.745	585.679	0	0	0	0.563754
R1N35D100T24V12p	599	50.485	4350	602	0.771	0.498339	2.37152e-322	5114	13.741	599	0	0	0	0.498339
R1N35D100T24V13p	580.476	47.873	5096	583	0.793	0.4329	2.37152e-322	1726	13.115	580.476	0	0	0	0.4329
R1N35D100T24V14p	566.833	54.084	5065	572	1.027	0.903263	2.37152e-322	11200	14.963	566.833	0	0	0	0.903263
C2N25D100T18V10p	9.42984e-312	1860.38	0	3.72066e-103	1.78079e-312	100	2.37152e-322	0	1.78079e-312	1e+08	0	0	0	1.78079e-312
C2N25D100T18V11p	320.333	1541.97	2595	322	0.272	0.517598	2.37152e-322	1087	5.818	320.333	0	0	0	0.517598
C2N25D100T18V12p	1.2581e-311	1853.15	0	3.72066e-103	5.29196e-312	100	2.37152e-322	0	5.29196e-312	1e+08	0	0	0	5.29196e-312
C2N25D100T18V13p	306	1479.95	2472	306	0.251	0	2.37152e-322	0	8.77204e-313	306	0	0	0	0
C2N25D100T18V14p	324.688	220.171	2767	326	0.475	0.402607	2.37152e-322	2658	6.231	324.688	0	0	0	0.402607
C2N25D100T24V10p	1.05921e-311	1919.71	0	3.72066e-103	3.83749e-312	100	2.37152e-322	0	3.83749e-312	1e+08	0	0	0	3.83749e-312
C2N25D100T24V11p	1.13095e-311	2195.71	0	3.72066e-103	1.43184e-312	100	2.37152e-322	0	1.43184e-312	1e+08	0	0	0	1.43184e-312
C2N25D100T24V12p	1.54236e-311	1985.66	0	3.72066e-103	5.33932e-312	100	2.37152e-322	0	5.33932e-312	1e+08	0	0	0	5.33932e-312
C2N25D100T24V13p	1.11166e-311	2286.2	0	3.72066e-103	5.18313e-312	100	2.37152e-322	0	5.18313e-312	1e+08	0	0	0	5.18313e-312
C2N25D100T24V14p	1.31086e-311	2141.7	0	3.72066e-103	4.81785e-312	100	2.37152e-322	0	4.81785e-312	1e+08	0	0	0	4.81785e-312
C2N30D100T18V10p	381.5	1223.7	2609	382	0.534	0.13089	2.37152e-322	872	8.492	381.5	0	0	0	0.13089
C2N30D100T18V11p	386.5	133.936	4810	387	0.318	0.129199	2.37152e-322	344	8.565	386.5	0	0	0	0.129199
C2N35D100T24V10p	9.10917e-312	2334.02	0	3.72066e-103	2.04693e-312	100	2.37152e-322	0	2.04693e-312	1e+08	0	0	0	2.04693e-312
C2N35D100T24V11p	1.10585e-311	3125.77	0	3.72066e-103	5.42813e-312	100	2.37152e-322	0	5.42813e-312	1e+08	0	0	0	5.42813e-312
C2N35D100T24V12p	7.32856e-312	2454.65	0	3.72066e-103	2.38051e-314	100	2.37152e-322	0	2.38051e-314	1e+08	0	0	0	2.38051e-314
C2N35D100T24V13p	9.66135e-312	2176.28	0	3.72066e-103	3.1853e-312	100	2.37152e-322	0	3.1853e-312	1e+08	0	0	0	3.1853e-312
C2N35D100T24V14p	1.21495e-311	2176.04	0	3.72066e-103	4.92376e-312	100	2.37152e-322	0	4.92376e-312	1e+08	0	0	0	4.92376e-312
RC1N25D100T18V15p	1.13598e-311	1974.62	0	3.72066e-103	7.70866e-313	100	2.37152e-322	0	7.70866e-313	1e+08	0	0	0	7.70866e-313
RC1N25D100T18V16p	376.75	646.072	1967	377	0.248	0.066313	2.37152e-322	480	3.834	376.75	0	0	0	0.066313
RC1N25D100T24V15p	1.0985e-311	4393.08	0	3.72066e-103	4.41407e-312	100	2.37152e-322	0	4.41407e-312	1e+08	0	0	0	4.41407e-312
RC1N25D100T24V16p	1.40275e-311	2506.1	0	3.72066e-103	3.80753e-312	100	2.37152e-322	0	3.80753e-312	1e+08	0	0	0	3.80753e-312
RC1N25D100T24V17p	8.42012e-312	5785.96	0	3.72066e-103	5.82207e-313	100	2.37152e-322	0	5.82207e-313	1e+08	0	0	0	5.82207e-313
RC1N25D100T24V18p	1.33205e-311	3421.63	0	3.72066e-103	4.439e-312	100	2.37152e-322	0	4.439e-312	1e+08	0	0	0	4.439e-312
RC1N25D100T24V19p	1.362e-311	12934.6	0	3.72066e-103	3.36618e-312	100	2.37152e-322	0	3.36618e-312	1e+08	0	0	0	3.36618e-312
RC1N30D100T18V15p	7.72163e-312	1929.52	0	3.72066e-103	1.47277e-312	100	2.37152e-322	0	1.47277e-312	1e+08	0	0	0	1.47277e-312
RC1N30D100T18V16p	100000	1534.1	2811	3.72066e-103	0.125	-2.68769e+109	2.37152e-322	18777	5.022	100000	0	0	0	-2.68769e+109
RC1N30D100T18V17p	1.02625e-311	2191.38	0	3.72066e-103	3.36919e-312	100	2.37152e-322	0	3.36919e-312	1e+08	0	0	0	3.36919e-312
RC1N30D100T18V19p	1.34849e-311	5646.96	0	3.72066e-103	3.84896e-312	100	2.37152e-322	0	3.84896e-312	1e+08	0	0	0	3.84896e-312
RC1N30D100T24V15p	7.92907e-312	1982.43	0	3.72066e-103	1.96201e-312	100	2.37152e-322	0	1.96201e-312	1e+08	0	0	0	1.96201e-312
RC1N30D100T24V16p	1.40062e-311	5097.93	0	3.72066e-103	4.76417e-312	100	2.37152e-322	0	4.76417e-312	1e+08	0	0	0	4.76417e-312
RC1N30D100T24V17p	9.9852e-312	2229.78	0	3.72066e-103	1.7173e-312	100	2.37152e-322	0	1.7173e-312	1e+08	0	0	0	1.7173e-312
RC1N30D100T24V18p	1.4703e-311	3610.3	0	3.72066e-103	4.5101e-312	100	2.37152e-322	0	4.5101e-312	1e+08	0	0	0	4.5101e-312
RC1N30D100T24V19p	1.0313e-311	5346.58	0	3.72066e-103	4.31045e-312	100	2.37152e-322	0	4.31045e-312	1e+08	0	0	0	4.31045e-312
RC1N35D100T18V15p	1.20744e-311	1975.26	0	3.72066e-103	4.46287e-312	100	2.37152e-322	0	4.46287e-312	1e+08	0	0	0	4.46287e-312
RC1N35D100T18V16p	100000	664.549	2243	3.72066e-103	0.106	-2.68769e+109	2.37152e-322	19380	6.163	100000	0	0	0	-2.68769e+109
RC1N35D100T18V17p	7.75636e-312	1870.5	0	3.72066e-103	2.51475e-313	100	2.37152e-322	0	2.51475e-313	1e+08	0	0	0	2.51475e-313
RC1N35D100T18V18p	100000	1093.54	2574	3.72066e-103	0.108	-2.68769e+109	2.37152e-322	15488	6.075	100000	0	0	0	-2.68769e+109
RC1N35D100T18V19p	100000	188.267	2250	3.72066e-103	0.116	-2.68769e+109	2.37152e-322	19514	6.236	100000	0	0	0	-2.68769e+109
RC1N35D100T24V15p	100000	224.854	3322	3.72066e-103	0.325	-2.68769e+109	2.37152e-322	81452	33.624	100000	0	0	0	-2.68769e+109
RC1N35D100T24V16p	9.5445e-312	2578.52	0	3.72066e-103	2.17547e-312	100	2.37152e-322	0	2.17547e-312	1e+08	0	0	0	2.17547e-312
RC1N35D100T24V17p	1.28302e-311	2428.06	0	3.72066e-103	5.42408e-312	100	2.37152e-322	0	5.42408e-312	1e+08	0	0	0	5.42408e-312
RC1N35D100T24V18p	1.38813e-311	1857.94	0	3.72066e-103	5.42848e-312	100	2.37152e-322	0	5.42848e-312	1e+08	0	0	0	5.42848e-312
RC1N35D100T24V19p	1.27342e-311	2533.29	0	3.72066e-103	4.54773e-312	100	2.37152e-322	0	4.54773e-312	1e+08	0	0	0	4.54773e-312
C2N25D100T18V15p	327.5	425.983	4026	331	0.231	1.0574	2.37152e-322	4149	5.66	327.5	0	0	0	1.0574
C2N25D100T18V16p	1.14125e-311	2312.25	0	3.72066e-103	1.9854e-312	100	2.37152e-322	0	1.9854e-312	1e+08	0	0	0	1.9854e-312
C2N25D100T18V17p	342.38	711.664	3023	343	1.056	0.180832	2.37152e-322	1018	5.297	342.38	0	0	0	0.180832
C2N25D100T18V18p	316	1610.05	4806	317	0.389	0.315457	2.37152e-322	1731	5.402	316	0	0	0	0.315457
C2N25D100T18V19p	318	590.863	3070	318	0.203	0	2.37152e-322	0	5.03849e-312	318	0	0	0	0
C2N25D100T24V15p	9.04617e-312	3077.81	0	3.72066e-103	1.34843e-312	100	2.37152e-322	0	1.34843e-312	1e+08	0	0	0	1.34843e-312
C2N25D100T24V16p	1.02759e-311	10427.6	0	3.72066e-103	2.85374e-312	100	2.37152e-322	0	2.85374e-312	1e+08	0	0	0	2.85374e-312
C2N25D100T24V17p	1.02307e-311	2022.19	0	3.72066e-103	2.94564e-312	100	2.37152e-322	0	2.94564e-312	1e+08	0	0	0	1.02307e-311
C2N25D100T24V18p	1.2208e-311	1836.85	0	3.72066e-103	1.35895e-312	100	2.37152e-322	0	1.35895e-312	1e+08	0	0	0	1.35895e-312
C2N25D100T24V19p	7.95041e-312	1956.11	0	3.72066e-103	1.23855e-312	100	2.37152e-322	0	1.23855e-312	1e+08	0	0	0	1.23855e-312
C2N30D100T18V15p	7.17405e-312	2169.66	0	3.72066e-103	1.11547e-312	100	2.37152e-322	0	1.11547e-312	1e+08	0	0	0	1.11547e-312
C2N30D100T18V16p	1.36894e-311	1926.47	0	3.72066e-103	3.21399e-312	100	2.37152e-322	0	3.21399e-312	1e+08	0	0	0	3.21399e-312
C2N30D100T18V17p	8.57622e-312	1872.08	0	3.72066e-103	2.82354e-312	100	2.37152e-322	0	2.82354e-312	1e+08	0	0	0	2.82354e-312
C2N30D100T18V18p	382.222	647.747	4412	383	0.968	0.203075	2.37152e-322	956	8.375	382.222	0	0	0	0.203075
C2N30D100T18V19p	365.667	232.42	2676	368	1.753	0.634058	2.37152e-322	29161	54.046	365.667	0	0	0	0.634058
C2N30D100T24V15p	7.7379e-312	2293.54	0	3.72066e-103	8.80969e-313	100	2.37152e-322	0	8.80969e-313	1e+08	0	0	0	8.80969e-313
C2N30D100T24V16p	9.62132e-312	2009.87	0	3.72066e-103	1.76903e-312	100	2.37152e-322	0	1.76903e-312	1e+08	0	0	0	1.76903e-312
C2N30D100T24V17p	1.25093e-311	10977.9	0	3.72066e-103	4.45614e-312	100	2.37152e-322	0	4.45614e-312	1e+08	0	0	0	4.45614e-312
C2N30D100T24V18p	6.16374e-312	1832.39	0	3.72066e-103	1.59616e-313	100	2.37152e-322	0	1.59616e-313	1e+08	0	0	0	1.59616e-313
C2N30D100T24V19p	1.36329e-311	3139.96	0	3.72066e-103	3.63674e-312	100	2.37152e-322	0	3.63674e-312	1e+08	0	0	0	3.63674e-312
C2N35D100T18V15p	7.43624e-312	1805.81	0	3.72066e-103	1.3757e-312	100	2.37152e-322	0	1.3757e-312	1e+08	0	0	0	1.3757e-312
C2N35D100T18V16p	1.18714e-311	1881.42	0	3.72066e-103	2.89543e-312	100	2.37152e-322	0	2.89543e-312	1e+08	0	0	0	2.89543e-312
C2N35D100T18V17p	7.82494e-312	2002.49	0	3.72066e-103	9.89313e-313	100	2.37152e-322	0	9.89313e-313	1e+08	0	0	0	9.89313e-313
C2N35D100T18V18p	1.2044e-311	4454.76	0	3.72066e-103	5.0841e-312	100	2.37152e-322	0	5.0841e-312	1e+08	0	0	0	5.0841e-312
C2N35D100T18V19p	9.32773e-312	5341.58	0	3.72066e-103	3.19327e-312	100	2.37152e-322	0	3.19327e-312	1e+08	0	0	0	3.19327e-312
C2N35D100T24V15p	1.25289e-311	6268.34	0	3.72066e-103	5.05024e-312	100	2.37152e-322	0	5.05024e-312	1e+08	0	0	0	5.05024e-312
C2N35D100T24V16p	1.11144e-311	3946.09	0	3.72066e-103	1.02793e-312	100	2.37152e-322	0	1.02793e-312	1e+08	0	0	0	1.02793e-312
C2N35D100T24V17p	9.03565e-312	1804.43	0	3.72066e-103	7.05061e-313	100	2.37152e-322	0	7.05061e-313	1e+08	0	0	0	7.05061e-313
C2N35D100T24V18p	1.06875e-311	7865.63	0	3.72066e-103	1.30275e-312	100	2.37152e-322	0	1.30275e-312	1e+08	0	0	0	1.30275e-312
C2N35D100T24V19p	9.16585e-312	1958.03	0	3.72066e-103	3.77864e-313	100	2.37152e-322	0	3.77864e-313	1e+08	0	0	0	3.77864e-313
C2N25D100T24V20p	9.29855e-312	1958.32	0	3.72066e-103	3.7975e-312	100	2.37152e-322	0	3.7975e-312	1e+08	0	0	0	3.7975e-312
C2N25D100T24V21p	7.59157e-312	2120.56	0	3.72066e-103	5.86445e-313	100	2.37152e-322	0	5.86445e-313	1e+08	0	0	0	5.86445e-313
C2N25D100T24V22p	1.24886e-311	2288.46	0	3.72066e-103	2.9404e-312	100	2.37152e-322	0	2.9404e-312	1e+08	0	0	0	2.9404e-312
C2N25D100T24V23p	1.30656e-311	4218.94	0	3.72066e-103	3.69492e-312	100	2.37152e-322	0	3.69492e-312	1e+08	0	0	0	3.69492e-312
C2N25D100T24V24p	9.44745e-312	4483.12	0	3.72066e-103	8.62388e-313	100	2.37152e-322	0	8.62388e-313	1e+08	0	0	0	8.62388e-313
C2N35D100T24V20p	1.11655e-311	3989.26	0	3.72066e-103	2.65849e-312	100	2.37152e-322	0	2.65849e-312	1e+08	0	0	0	2.65849e-312
C2N35D100T24V21p	1.11156e-311	3832.69	0	3.72066e-103	3.97432e-312	100	2.37152e-322	0	3.97432e-312	1e+08	0	0	0	3.97432e-312
C2N35D100T24V22p	8.79702e-312	2568.96	0	3.72066e-103	1.52383e-312	100	2.37152e-322	0	1.52383e-312	1e+08	0	0	0	1.52383e-312
C2N35D100T24V23p	9.22452e-312	3429.74	0	3.72066e-103	2.43004e-312	100	2.37152e-322	0	2.43004e-312	1e+08	0	0	0	2.43004e-312
C2N35D100T24V24p	1.20544e-311	2309.41	0	3.72066e-103	2.213e-312	100	2.37152e-322	0	2.213e-312	1e+08	0	0	0	2.213e-312
RC1N25D100T24V20p	9.58925e-312	2657.19	0	3.72066e-103	2.94022e-312	100	2.37152e-322	0	2.94022e-312	1e+08	0	0	0	2.94022e-312
RC1N25D100T24V21p	9.86819e-312	1913.85	0	3.72066e-103	7.58795e-313	100	2.37152e-322	0	7.58795e-313	1e+08	0	0	0	7.58795e-313
RC1N25D100T24V22p	1.03183e-311	4376.73	0	3.72066e-103	4.45149e-312	100	2.37152e-322	0	4.45149e-312	1e+08	0	0	0	4.45149e-312
RC1N25D100T24V23p	1.08588e-311	2186.94	0	3.72066e-103	3.52516e-312	100	2.37152e-322	0	3.52516e-312	1e+08	0	0	0	3.52516e-312
RC1N35D100T24V20p	1.2206e-311	1930.42	0	3.72066e-103	5.2006e-312	100	2.37152e-322	0	5.2006e-312	1e+08	0	0	0	5.2006e-312
RC1N35D100T24V21p	1.56718e-311	2212.93	0	3.72066e-103	4.97624e-312	100	2.37152e-322	0	4.97624e-312	1e+08	0	0	0	4.97624e-312
RC1N35D100T24V22p	8.98957e-312	2217.17	0	3.72066e-103	9.10517e-313	100	2.37152e-322	0	9.10517e-313	1e+08	0	0	0	9.10517e-313
RC1N35D100T24V23p	1.33445e-311	3074.18	0	3.72066e-103	3.80882e-312	100	2.37152e-322	0	3.80882e-312	1e+08	0	0	0	3.80882e-312
C1N25D100T24V6p	9.81842e-312	21694.1	0	3.72066e-103	2.06292e-312	100	9.81842e-312	0	2.06292e-312	1e+08	0	0	0	2.06292e-312
C1N30D100T18V5p	1.16104e-311	2204.4	0	3.72066e-103	4.10557e-312	100	1.16104e-311	0	4.10557e-312	1e+08	0	0	0	4.10557e-312
C1N35D100T18V6p	1.21358e-311	12260.6	0	3.72066e-103	2.33467e-312	100	1.21358e-311	0	2.33467e-312	1e+08	0	0	0	2.33467e-312
C1N35D100T18V7p	1.4536e-311	44234.8	0	3.72066e-103	5.19847e-312	100	1.4536e-311	0	5.19847e-312	1e+08	0	0	0	5.19847e-312
C1N35D100T18V9p	1.01392e-311	6069.98	0	3.72066e-103	2.20647e-312	100	1.01392e-311	0	2.20647e-312	1e+08	0	0	0	2.20647e-312
C1N35D100T24V8p	1.0515e-311	9286.86	0	3.72066e-103	4.56076e-312	100	1.0515e-311	0	4.56076e-312	1e+08	0	0	0	4.56076e-312
C1N25D100T18V26p	9.35533e-312	21537	0	3.72066e-103	3.75033e-312	100	2.37152e-322	0	3.75033e-312	1e+08	0	0	0	3.75033e-312
C1N25D100T18V28p	1.15364e-311	33378.6	0	3.72066e-103	1.5746e-312	100	2.37152e-322	0	1.5746e-312	1e+08	0	0	0	1.5746e-312
C1N25D100T18V29p	1.04682e-311	5974.61	0	3.72066e-103	2.39206e-313	100	2.37152e-322	0	2.39206e-313	1e+08	0	0	0	2.39206e-313
C1N25D100T24V25p	8.43537e-312	41264.8	0	3.72066e-103	1.59029e-312	100	2.37152e-322	0	1.59029e-312	1e+08	0	0	0	1.59029e-312
C1N25D100T24V27p	1.17568e-311	6178.42	0	3.72066e-103	1.96351e-312	100	2.37152e-322	0	1.96351e-312	1e+08	0	0	0	1.96351e-312
C1N25D100T24V29p	1.05887e-311	14638.1	0	3.72066e-103	4.56251e-312	100	2.37152e-322	0	4.56251e-312	1e+08	0	0	0	4.56251e-312
C1N30D100T18V28p	1.22713e-311	17399.7	0	3.72066e-103	3.54787e-312	100	2.37152e-322	0	3.54787e-312	1e+08	0	0	0	3.54787e-312
C1N35D100T18V26p	1.33194e-311	7257.7	0	3.72066e-103	5.08795e-312	100	2.37152e-322	0	5.08795e-312	1e+08	0	0	0	5.08795e-312
C1N35D100T18V28p	1.23179e-311	52318.7	0	3.72066e-103	2.65553e-312	100	2.37152e-322	0	2.65553e-312	1e+08	0	0	0	2.65553e-312
C1N35D100T24V29p	1.14152e-311	27936.2	0	3.72066e-103	3.96303e-312	100	2.37152e-322	0	3.96303e-312	1e+08	0	0	0	3.96303e-312

C1N15D50T12V1p	129	17.607	2725	130	0.313	0.769231	9.65424e-312	2176	4.52	129	0	0	0	0.769231
C2N10D20T12V3	90	0.631	1985	90	0.059	0	1.12249e-311	0	2.74692e-312	90	0	0	0	0
C2N15D20T12V9	151	1.716	2752	151	0.058	0	1.23161e-311	0	4.42324e-312	151	0	0	0	0
C2N20D50T12V3p	199.5	4.487	1948	200	0.1	0.25	1.2015e-311	66	0.774	199.5	0	0	0	0.25
R1N10D20T12V5	101.8	0.236	1896	103	0.043	1.16505	1.156e-311	90	0.102	101.8	0	0	0	1.16505
R1N10D50T12V1p	96	0.224	1546	98	0.037	2.04082	1.06426e-311	149	0.086	96	0	0	0	2.04082
R1N20D20T12V11	200.25	3.02	4408	201	0.134	0.373134	1.21174e-311	208	0.426	200.25	0	0	0	0.373134
RC1N10D20T12V1	107	12.142	1306	110	0.034	2.72727	1.48915e-311	435	0.234	107	0	0	0	2.72727
RC1N15D20T12V5	169	79.227	1577	172	0.122	1.74419	8.79654e-312	2044	0.759	169	0	0	0	1.74419
C2N10D20T12V3	90	0.575	1985	90	0.08	0	1.18211e-311	0	1.38132e-312	90	0	0	0	0
