numNode	numCus	ID_Depot	Mile(min)	Begin	End	numUAV
16	15	0	5	0	6	50
time_vec & deta1 & deta2:
0	555556	1	1	2	2	2	1	2	2	2	2	2	1	1	2	2	0	100000	
1	1	555556	2	1	2	2	2	2	2	1	1	2	1	2	3	3	0	3
2	1	2	555556	2	2	2	1	3	3	3	3	3	2	1	2	1	0	3
3	2	1	2	555556	2	3	2	2	3	1	2	3	1	2	3	3	0	6	
4	2	2	2	2	555556	3	2	3	3	3	3	4	1	2	3	2	0	6	
5	2	2	2	3	3	555556	1	2	1	3	2	2	2	1	2	2	0	6	
6	1	2	1	2	2	1	555556	2	2	3	2	2	2	1	2	2	0	3
7	2	2	3	2	3	2	2	555556	1	3	1	1	2	2	3	3	0	6	
8	2	2	3	3	3	1	2	1	555556	3	2	2	3	2	2	3	0	6	
9	2	1	3	1	3	3	3	3	3	555556	2	2	2	3	4	4	0	6	
10	2	1	3	2	3	2	2	1	2	2	555556	1	2	2	3	4	0	3
11	2	2	3	3	4	2	2	1	2	2	1	555556	3	3	4	4	0	6	
12	1	1	2	1	1	2	2	2	3	2	2	3	555556	2	3	3	0	3	
13	1	2	1	2	2	1	1	2	2	3	2	3	2	555556	2	2	0	6	
14	2	3	2	3	3	2	2	3	2	4	3	4	3	2	555556	1	0	6	
15	2	3	1	3	2	2	2	3	3	4	4	4	3	2	1	555556	0	6	
