numNode	numCus	ID_Depot	Mile(min)	Begin	End	numUAV
36	35	0	20	0	24	100	
time_vec & deta1 & deta2:
0	1818182	7	6	8	7	8	7	7	8	7	6	7	6	7	7	8	8	8	9	8	7	9	7	9	7	9	11	11	11	10	10	10	10	10	9	9	0	100000	
1	7	1818182	2	1	2	1	3	3	3	10	9	9	8	10	9	10	10	9	15	14	14	15	14	15	13	15	17	16	16	15	16	15	16	16	15	8	0	12	
2	6	2	1818182	2	1	2	1	2	2	8	7	7	7	8	7	8	8	7	14	13	12	14	12	14	12	13	16	16	16	15	15	15	15	15	14	9	0	12	
3	8	1	2	1818182	1	1	2	3	2	10	9	9	8	10	8	9	10	9	16	15	14	15	14	15	14	15	17	17	17	16	16	16	16	16	15	9	0	12	
4	7	2	1	1	1818182	1	1	2	1	9	8	8	7	9	7	8	9	8	15	14	13	15	13	15	13	14	17	16	16	16	16	15	16	16	15	9	0	18	
5	8	1	2	1	1	1818182	2	3	2	10	9	9	8	10	8	9	9	9	16	15	14	15	14	15	14	15	17	17	17	16	16	16	16	17	15	9	0	24	
6	7	3	1	2	1	2	1818182	1	2	8	7	7	6	8	6	7	8	7	14	13	12	14	12	14	12	14	17	16	16	15	16	15	15	16	15	10	0	12	
7	7	3	2	3	2	3	1	1818182	1	8	7	7	6	8	6	7	7	7	14	13	12	14	12	14	12	14	17	17	17	16	16	16	16	16	15	10	0	18	
8	8	3	2	2	1	2	2	1	1818182	9	8	8	7	9	7	8	8	7	15	14	13	15	13	15	13	15	18	17	17	16	17	16	16	17	16	10	0	24	
9	7	10	8	10	9	10	8	8	9	1818182	1	1	2	1	3	2	3	3	9	8	7	8	7	8	7	8	16	16	15	15	15	15	15	14	14	14	0	12	
10	6	9	7	9	8	9	7	7	8	1	1818182	1	1	2	2	2	2	3	9	8	8	9	8	9	7	8	16	16	16	15	15	15	15	14	14	14	0	12	
11	7	9	7	9	8	9	7	7	8	1	1	1818182	1	2	2	2	2	2	10	9	8	9	8	9	8	9	16	16	16	15	15	15	15	15	15	14	0	12	
12	6	8	7	8	7	8	6	6	7	2	1	1	1818182	2	1	2	2	2	10	9	9	10	8	10	8	9	17	16	16	16	15	15	15	15	15	13	0	12	
13	7	10	8	10	9	10	8	8	9	1	2	2	2	1818182	2	2	2	3	9	9	8	9	8	9	8	8	17	17	16	16	16	16	15	15	15	15	0	18	
14	7	9	7	8	7	8	6	6	7	3	2	2	1	2	1818182	2	2	1	11	10	9	10	9	10	9	10	17	17	17	16	16	16	16	15	15	14	0	18	
15	8	10	8	9	8	9	7	7	8	2	2	2	2	2	2	1818182	1	1	10	10	9	10	9	10	8	9	18	17	17	17	16	16	16	16	16	15	0	18	
16	8	10	8	10	9	9	8	7	8	3	2	2	2	2	2	1	1818182	1	11	10	9	10	9	10	9	9	18	18	17	17	17	17	16	16	16	15	0	24	
17	8	9	7	9	8	9	7	7	7	3	3	2	2	3	1	1	1	1818182	11	10	10	11	10	11	9	10	18	18	17	17	17	17	17	16	16	15	0	18	
18	9	15	14	16	15	16	14	14	15	9	9	10	10	9	11	10	11	11	1818182	1	2	1	2	2	3	2	11	11	10	10	10	10	10	9	10	16	0	18	
19	8	14	13	15	14	15	13	13	14	8	8	9	9	9	10	10	10	10	1	1818182	1	1	1	2	2	2	11	11	10	10	10	10	9	9	10	15	0	12	
20	7	14	12	14	13	14	12	12	13	7	8	8	9	8	9	9	9	10	2	1	1818182	2	1	2	1	3	11	11	10	10	9	10	9	9	9	14	0	18	
21	9	15	14	15	15	15	14	14	15	8	9	9	10	9	10	10	10	11	1	1	2	1818182	2	1	2	1	11	12	11	11	10	11	10	9	10	16	0	12	
22	7	14	12	14	13	14	12	12	13	7	8	8	8	8	9	9	9	10	2	1	1	2	1818182	2	1	3	11	11	10	10	10	10	9	9	9	14	0	24	
23	9	15	14	15	15	15	14	14	15	8	9	9	10	9	10	10	10	11	2	2	2	1	2	1818182	2	1	12	12	11	11	11	11	11	10	11	16	0	12	
24	7	13	12	14	13	14	12	12	13	7	7	8	8	8	9	8	9	9	3	2	1	2	1	2	1818182	2	11	11	11	11	10	10	10	9	10	14	0	24	
25	9	15	13	15	14	15	14	14	15	8	8	9	9	8	10	9	9	10	2	2	3	1	3	1	2	1818182	12	13	12	12	11	12	11	10	11	16	0	12	
26	11	17	16	17	17	17	17	17	18	16	16	16	17	17	17	18	18	18	11	11	11	11	11	12	11	12	1818182	1	1	2	2	2	2	3	3	12	0	12	
27	11	16	16	17	16	17	16	17	17	16	16	16	16	17	17	17	18	18	11	11	11	12	11	12	11	13	1	1818182	2	1	2	2	2	3	2	11	0	18	
28	11	16	16	17	16	17	16	17	17	15	16	16	16	16	17	17	17	17	10	10	10	11	10	11	11	12	1	2	1818182	1	1	2	1	2	2	11	0	18	
29	10	15	15	16	16	16	15	16	16	15	15	15	16	16	16	17	17	17	10	10	10	11	10	11	11	12	2	1	1	1818182	1	1	2	3	1	11	0	24	
30	10	16	15	16	16	16	16	16	17	15	15	15	15	16	16	16	17	17	10	10	9	10	10	11	10	11	2	2	1	1	1818182	1	1	2	2	11	0	24	
31	10	15	15	16	15	16	15	16	16	15	15	15	15	16	16	16	17	17	10	10	10	11	10	11	10	12	2	2	2	1	1	1818182	1	2	1	10	0	18	
32	10	16	15	16	16	16	15	16	16	15	15	15	15	15	16	16	16	17	10	9	9	10	9	11	10	11	2	2	1	2	1	1	1818182	1	1	11	0	18	
33	10	16	15	16	16	17	16	16	17	14	14	15	15	15	15	16	16	16	9	9	9	9	9	10	9	10	3	3	2	3	2	2	1	1818182	2	12	0	24	
34	9	15	14	15	15	15	15	15	16	14	14	15	15	15	15	16	16	16	10	10	9	10	9	11	10	11	3	2	2	1	2	1	1	2	1818182	10	0	12	
35	9	8	9	9	9	9	10	10	10	14	14	14	13	15	14	15	15	15	16	15	14	16	14	16	14	16	12	11	11	11	11	10	11	12	10	1818182	0	12	
