numNode	numCus	ID_Depot	Mile(min)	Begin	End	numUAV
16	15	0	10	0	12	50
time_vec & deta1 & deta2:
0	909091	4	3	4	4	4	4	4	4	4	3	4	3	4	4	4	0	100000	
1	4	909091	1	1	1	1	2	2	2	5	5	5	4	5	5	5	0	6	
2	3	1	909091	1	1	1	1	1	1	4	4	4	4	4	4	4	0	6	
3	4	1	1	909091	1	1	1	2	1	5	5	5	4	5	4	5	0	6
4	4	1	1	1	909091	1	1	1	1	5	4	4	4	5	4	4	0	6
5	4	1	1	1	1	909091	1	2	1	5	5	5	4	5	4	5	0	6
6	4	2	1	1	1	1	909091	1	1	4	4	4	3	4	3	4	0	6
7	4	2	1	2	1	2	1	909091	1	4	4	4	3	4	3	4	0	6	
8	4	2	1	1	1	1	1	1	909091	5	4	4	4	5	4	4	0	6
9	4	5	4	5	5	5	4	4	5	909091	1	1	1	1	2	1	0	6
10	3	5	4	5	4	5	4	4	4	1	909091	1	1	1	1	1	0	6
11	4	5	4	5	4	5	4	4	4	1	1	909091	1	1	1	1	0	12	
12	3	4	4	4	4	4	3	3	4	1	1	1	909091	1	1	1	0	6	
13	4	5	4	5	5	5	4	4	5	1	1	1	1	909091	1	1	0	6
14	4	5	4	4	4	4	3	3	4	2	1	1	1	1	909091	1	0	6	
15	4	5	4	5	4	5	4	4	4	1	1	1	1	1	1	909091	0	6	
